10134
11280
11022
10764
11226
10398
11286
11616
11412
10680
10446
10272
10476
10218
11568
10686
11754
10818
11592
11700
11364
10242
10842
10422
10632
11544
11778
11724
10266
10602
11520
10062
10866
10452
10656
10038
11748
10188
10914
10110
11490
11232
11256
11436
10740
10116
11202
11622
10500
10164
10554
11676
10368
10992
10350
10734
10506
10530
10968
11442
11670
11646
10758
10086
11154
11304
11358
10428
11538
10812
10212
11334
11772
10662
10890
11514
10290
10836
11928
11310
10296
11178
10896
10608
10584
11460
10344
10524
10140
10944
11466
10578
10920
11208
10788
10320
10374
10710
10974
